[gd_scene load_steps=6 format=3 uid="uid://ctb5vvv6lhgfo"]

[ext_resource type="PackedScene" uid="uid://cy7o3fl3wy3f" path="res://assets/field/2019-DeepSpace/2019 field - Rocket.gltf" id="1_rsrmk"]
[ext_resource type="Script" uid="uid://cec3qgbpk5wt8" path="res://hatch_attachment.gd" id="2_o38ff"]
[ext_resource type="Script" uid="uid://cgjggq5m5jbll" path="res://assets/field/2019-DeepSpace/score_areas.gd" id="3_n40d4"]

[sub_resource type="CylinderShape3D" id="CylinderShape3D_ddf5g"]
height = 0.055542
radius = 0.0302734

[sub_resource type="BoxShape3D" id="BoxShape3D_j7tfj"]
size = Vector3(0.0964661, 0.048584, 0.0210571)

[node name="Rocket" instance=ExtResource("1_rsrmk")]

[node name="HatchAttachment" type="Area3D" parent="." index="4"]
transform = Transform3D(0.481754, 0, 0.876307, 0, 1, 0, -0.876307, 0, 0.481754, 0.379844, 0.48534, 0.463717)
collision_layer = 0
collision_mask = 192
monitorable = false
script = ExtResource("2_o38ff")

[node name="CollisionShape3D" type="CollisionShape3D" parent="HatchAttachment" index="0"]
transform = Transform3D(1.91069e-15, -4.37114e-08, -1, -1, -4.37114e-08, 0, -4.37114e-08, 1, -4.37114e-08, 0, 0, 0)
shape = SubResource("CylinderShape3D_ddf5g")
debug_color = Color(0.794408, 0.0689726, 1, 0.42)

[node name="HatchAttachment2" type="Area3D" parent="." index="5"]
transform = Transform3D(0.481754, 0, 0.876307, 0, 1, 0, -0.876307, 0, 0.481754, 0.379844, 1.18502, 0.463717)
collision_layer = 0
collision_mask = 192
monitorable = false
script = ExtResource("2_o38ff")

[node name="CollisionShape3D" type="CollisionShape3D" parent="HatchAttachment2" index="0"]
transform = Transform3D(1.91069e-15, -4.37114e-08, -1, -1, -4.37114e-08, 0, -4.37114e-08, 1, -4.37114e-08, 0, 0, 0)
shape = SubResource("CylinderShape3D_ddf5g")
debug_color = Color(0.794408, 0.0689726, 1, 0.42)

[node name="HatchAttachment3" type="Area3D" parent="." index="6"]
transform = Transform3D(0.481754, 0, 0.876307, 0, 1, 0, -0.876307, 0, 0.481754, 0.379844, 1.91261, 0.463717)
collision_layer = 0
collision_mask = 192
monitorable = false
script = ExtResource("2_o38ff")

[node name="CollisionShape3D" type="CollisionShape3D" parent="HatchAttachment3" index="0"]
transform = Transform3D(1.91069e-15, -4.37114e-08, -1, -1, -4.37114e-08, 0, -4.37114e-08, 1, -4.37114e-08, 0, 0, 0)
shape = SubResource("CylinderShape3D_ddf5g")
debug_color = Color(0.794408, 0.0689726, 1, 0.42)

[node name="HatchAttachment4" type="Area3D" parent="." index="7"]
transform = Transform3D(0.481754, 0, -0.876307, 0, 1, 0, 0.876307, 0, 0.481754, -0.383085, 0.48534, 0.463717)
collision_layer = 0
collision_mask = 192
monitorable = false
script = ExtResource("2_o38ff")

[node name="CollisionShape3D" type="CollisionShape3D" parent="HatchAttachment4" index="0"]
transform = Transform3D(1.91069e-15, -4.37114e-08, -1, -1, -4.37114e-08, 0, -4.37114e-08, 1, -4.37114e-08, 0, 0, 0)
shape = SubResource("CylinderShape3D_ddf5g")
debug_color = Color(0.794408, 0.0689726, 1, 0.42)

[node name="HatchAttachment5" type="Area3D" parent="." index="8"]
transform = Transform3D(0.481754, 0, -0.876307, 0, 1, 0, 0.876307, 0, 0.481754, -0.383085, 1.18502, 0.463717)
collision_layer = 0
collision_mask = 192
monitorable = false
script = ExtResource("2_o38ff")

[node name="CollisionShape3D" type="CollisionShape3D" parent="HatchAttachment5" index="0"]
transform = Transform3D(1.91069e-15, -4.37114e-08, -1, -1, -4.37114e-08, 0, -4.37114e-08, 1, -4.37114e-08, 0, 0, 0)
shape = SubResource("CylinderShape3D_ddf5g")
debug_color = Color(0.794408, 0.0689726, 1, 0.42)

[node name="HatchAttachment6" type="Area3D" parent="." index="9"]
transform = Transform3D(0.481754, 0, -0.876307, 0, 1, 0, 0.876307, 0, 0.481754, -0.383085, 1.91261, 0.463717)
collision_layer = 0
collision_mask = 192
monitorable = false
script = ExtResource("2_o38ff")

[node name="CollisionShape3D" type="CollisionShape3D" parent="HatchAttachment6" index="0"]
transform = Transform3D(1.91069e-15, -4.37114e-08, -1, -1, -4.37114e-08, 0, -4.37114e-08, 1, -4.37114e-08, 0, 0, 0)
shape = SubResource("CylinderShape3D_ddf5g")
debug_color = Color(0.794408, 0.0689726, 1, 0.42)

[node name="ScoreAreas" type="Area3D" parent="." index="10"]
transform = Transform3D(0.376467, 0, 0.92643, 0, 1, 0, -0.92643, 0, 0.376467, 0.3302, 0.483148, 0.44476)
collision_layer = 0
collision_mask = 64
script = ExtResource("3_n40d4")

[node name="CollisionShape3D" type="CollisionShape3D" parent="ScoreAreas" index="0"]
shape = SubResource("BoxShape3D_j7tfj")
debug_color = Color(0.254272, 0.634906, 0, 0.42)

[node name="ScoreAreas2" type="Area3D" parent="." index="11"]
transform = Transform3D(0.376467, 0, 0.92643, 0, 1, 0, -0.92643, 0, 0.376467, 0.3302, 1.20086, 0.44476)
collision_layer = 0
collision_mask = 64
script = ExtResource("3_n40d4")

[node name="CollisionShape3D" type="CollisionShape3D" parent="ScoreAreas2" index="0"]
shape = SubResource("BoxShape3D_j7tfj")
debug_color = Color(0.254272, 0.634906, 0, 0.42)

[node name="ScoreAreas3" type="Area3D" parent="." index="12"]
transform = Transform3D(0.376467, 0, 0.92643, 0, 1, 0, -0.92643, 0, 0.376467, 0.3302, 1.89691, 0.44476)
collision_layer = 0
collision_mask = 64
script = ExtResource("3_n40d4")

[node name="CollisionShape3D" type="CollisionShape3D" parent="ScoreAreas3" index="0"]
shape = SubResource("BoxShape3D_j7tfj")
debug_color = Color(0.254272, 0.634906, 0, 0.42)

[node name="ScoreAreas4" type="Area3D" parent="." index="13"]
transform = Transform3D(-0.494048, 0, 0.869435, 0, 1, 0, -0.869435, 0, -0.494048, -0.331224, 0.483148, 0.44476)
collision_layer = 0
collision_mask = 64
script = ExtResource("3_n40d4")

[node name="CollisionShape3D" type="CollisionShape3D" parent="ScoreAreas4" index="0"]
shape = SubResource("BoxShape3D_j7tfj")
debug_color = Color(0.254272, 0.634906, 0, 0.42)

[node name="ScoreAreas5" type="Area3D" parent="." index="14"]
transform = Transform3D(-0.494048, 0, 0.869435, 0, 1, 0, -0.869435, 0, -0.494048, -0.331224, 1.20086, 0.44476)
collision_layer = 0
collision_mask = 64
script = ExtResource("3_n40d4")

[node name="CollisionShape3D" type="CollisionShape3D" parent="ScoreAreas5" index="0"]
shape = SubResource("BoxShape3D_j7tfj")
debug_color = Color(0.254272, 0.634906, 0, 0.42)

[node name="ScoreAreas6" type="Area3D" parent="." index="15"]
transform = Transform3D(-0.494048, 0, 0.869435, 0, 1, 0, -0.869435, 0, -0.494048, -0.331224, 1.89691, 0.44476)
collision_layer = 0
collision_mask = 64
script = ExtResource("3_n40d4")

[node name="CollisionShape3D" type="CollisionShape3D" parent="ScoreAreas6" index="0"]
shape = SubResource("BoxShape3D_j7tfj")
debug_color = Color(0.254272, 0.634906, 0, 0.42)
